# General sensor definitions.
sensor_type: camera
comment: VI-Sensor cam0 (Basler acA2440-75uc), images downsampled before calibration

# Sensor extrinsics wrt. the body-frame.
T_BS:
  cols: 4
  rows: 4
  data: [0.00555786,  0.99997899, -0.00333593,  0.00073847,
         0.99994638, -0.00552847,  0.00875655,  0.00003206,
         0.00873793, -0.00338442, -0.9999561,   0.0001082, 
         0.,          0.,          0.,          1.        ]

# Camera specific definitions.
rate_hz: 16
resolution: [612, 512]
camera_model: pinhole
intrinsics: [448.29308777949757, 447.9978999410104, 301.68106404856, 242.76373276701213] #fu, fv, cu, cv
distortion_model: radial-tangential
distortion_coefficients: [-0.1762088977915627, 0.08539238648206524, 0.0002462342497331716, 0.00032291209479618914]


